

#################################################################################################################
                                     Instance Name           Movement (microns)        Orig Loc        New Loc
#################################################################################################################
                              CLK2_fun_scan__L4_I0                9.02       (71.75, 86.1)       (65.6, 83.23)
                                   RegFile_I0/U216                8.61       (61.5, 94.71)       (64.37, 88.97)
            ALU_I0/div_68/u_div_u_fa_PartRem_0_0_3                 8.2       (19.68, 77.49)       (14.35, 74.62)
                                   UART_CLK__L2_I0                7.79       (68.47, 83.23)       (66.42, 77.49)
                              CLK1_fun_scan__L2_I0                7.38       (57.81, 97.58)       (53.3, 94.71)
                          RegFile_I0/MEM_reg_3__5_                6.97       (91.84, 103.32)       (87.74, 106.19)
                      DATA_SYNC_I1/sync_bus_reg_0_                6.97       (142.68, 37.31)       (141.45, 43.05)
                                   RegFile_I0/U273                6.56       (66.83, 114.8)       (70.52, 111.93)
                          RegFile_I0/MEM_reg_1__2_                6.56       (65.6, 94.71)       (69.29, 91.84)
                         RegFile_I0/MEM_reg_14__4_                6.15       (93.48, 106.19)       (90.2, 103.32)
                              CLK2_fun_scan__L6_I0                6.15       (185.73, 88.97)       (186.14, 83.23)
                                   RegFile_I0/U322                6.15       (112.75, 103.32)       (118.9, 103.32)
                             ALU_I0/ALU_OUT_reg_7_                6.15       (110.29, 28.7)       (109.88, 34.44)
         UART_I0/UART_RX_I0/edge_bit_counter_I/U33                6.15       (187.37, 88.97)       (184.09, 91.84)
                                      mux2X1_UO/U1                5.74       (48.79, 94.71)       (45.92, 97.58)
                              CLK2_fun_scan__L2_I0                5.74       (64.78, 83.23)       (61.91, 80.36)
                              CLK1_fun_scan__L8_I5                5.33       (137.76, 126.28)       (140.22, 123.41)
                              CLK1_fun_scan__L3_I0                5.33       (66.42, 97.58)       (68.88, 94.71)
                              CLK1_fun_scan__L4_I0                5.33       (57.81, 97.58)       (60.27, 94.71)
                                   RegFile_I0/U343                5.33       (70.93, 91.84)       (68.47, 88.97)
                                   RegFile_I0/U288                5.33       (60.27, 114.8)       (57.81, 111.93)
                                   RegFile_I0/U221                5.33       (75.85, 86.1)       (78.31, 88.97)
                                   RegFile_I0/U286                4.92       (41, 114.8)       (38.95, 111.93)
                                   RegFile_I0/U323                4.92       (95.94, 109.06)       (97.99, 111.93)
                          RST_SYNC_I0/SYNC_RST_reg                4.92       (19.68, 80.36)       (21.73, 77.49)
            ALU_I0/div_68/u_div_u_fa_PartRem_0_1_3                4.92       (13.12, 74.62)       (11.07, 77.49)
                              CLK1_fun_scan__L5_I0                4.92       (57.81, 97.58)       (55.76, 100.45)
                              CLK2_fun_scan__L7_I0                4.92       (192.29, 88.97)       (194.34, 86.1)
                              CLK1_fun_scan__L6_I0                4.51       (93.48, 106.19)       (91.84, 109.06)
                              CLK1_fun_scan__L7_I1                4.51       (131.2, 97.58)       (132.84, 100.45)
                         TX_CLK__SKEWGRP1__MMExc_0                4.51       (176.71, 60.27)       (175.07, 57.4)
                          RegFile_I0/MEM_reg_1__3_                4.51       (70.11, 83.23)       (71.75, 80.36)
                                   RegFile_I0/U202                4.51       (56.58, 94.71)       (54.94, 91.84)
                                   RegFile_I0/U167                4.51       (80.36, 111.93)       (78.72, 109.06)
                                   RegFile_I0/U220                4.51       (67.24, 83.23)       (68.88, 80.36)
                                   RegFile_I0/U222                4.51       (81.59, 83.23)       (83.23, 80.36)
                                   RegFile_I0/U266                 4.1       (47.15, 114.8)       (48.38, 117.67)
                                   RegFile_I0/U310                 4.1       (131.2, 126.28)       (129.97, 129.15)
                          RegFile_I0/MEM_reg_1__4_                 4.1       (72.16, 80.36)       (73.39, 77.49)
